vektor1 <- c(1,2,3,4,5,6,7,8,9)

vector1[1] <- 10 # na prvni pozici ulozi cislo 10
