vektor1 <- 1:5     # vytvori sekveci cisel 1,2,3,4,5
vektor2 <- 1.5:4.5 # vytvori sekvenci cisel 1.5,2.5,3.5,4.5
