vektor1 <- c(1,2,3,4,5,6,7,8,9)

vector1[c(1,3)]  # vypise hodnoty 1,2,3
